8046
3041
2727
1104
1108
1109
1110
1201
1203
1210
1213
1215
2637
1217
1218
1219
1220
1225
1227
1229
1231
1232
1233
1234
1235
1236
1240
1256
1258
1259
1264
1268
6643
4739
5274
2014
1307
1308
1309
1310
1312
1313
1314
1315
6288
5203
1321
1323
1324
1325
1326
1336
1337
1338
1339
1340
1341
1342
8081
1409
1410
1413
1414
1416
1417
1418
1419
1423
1432
1434
1435
1436
1437
1438
1439
1440
1441
1442
1443
1444
1445
1446
1447
1449
1451
1452
1453
1454
1455
1456
1457
1459
1460
1463
1464
1465
1466
1467
1468
1470
1471
1472
1473
1474
1475
2636
3529
1503
1795
1506
1507
1512
1513
1514
1515
1516
1517
1519
1521
1522
1524
1525
1526
1527
1528
1529
1530
1531
3481
1533
1535
1536
6598
1538
1539
1540
1541
1558
4927
1565
1568
1569
1570
1580
4935
1583
1584
4536
1587
4551
8215
1591
1592
1593
1595
1597
2612
1599
1603
1604
3673
1608
1609
1611
1612
1614
1615
1616
1617
1618
1626
1701
1702
2492
1708
1709
8114
1711
5483
1713
1714
6415
1718
1720
1721
1722
6491
1725
1726
1727
1730
1731
1732
1733
1734
1735
1305
1737
1742
1752
1760
1762
1773
1776
1777
1781
1783
1784
3661
1786
1788
8069
6741
1796
1799
1802
1805
1806
1808
1809
1810
1813
1815
1817
1903
1904
6223
1906
3583
1909
1560
2006
2007
2008
2009
2010
2012
2013
4114
6176
6792
2020
2022
2023
2024
2025
2027
2028
2029
2030
2031
2032
2033
2034
2035
2038
2049
6712
2061
2062
2063
2064
3005
2066
2067
2069
2070
2101
2102
2103
2104
2105
2106
2107
2108
2109
2114
2115
2609
5388
2206
4938
2208
2211
2221
2227
2228
2230
2231
2233
2235
2236
2239
6187
2243
2247
2250
4763
2302
3189
2305
3665
2312
4966
2314
2316
3034
2321
2323
2606
5478
2328
2329
2428
2331
2332
8021
2338
2340
2342
2344
2345
2615
2348
2349
3591
6243
1789
2354
2355
4961
1316
2358
2359
2368
8163
2363
2364
2365
2367
6279
2369
2371
2373
2374
2375
2376
2377
3711
2380
2379
2498
5269
2387
2388
2390
2392
2393
3515
2397
2399
2401
2402
2404
2405
2406
2439
2327
2455
2413
2414
2415
2417
2419
2420
2421
2423
2424
2425
2426
2427
1476
2429
2430
2431
2433
2434
2436
2438
6510
2440
2441
2442
2443
2444
2313
6469
2451
2453
1319
4137
2457
4807
2459
2460
2461
2462
2464
2465
2466
2467
2468
2471
2472
2301
2476
2477
2478
4105
2337
2482
2483
2484
2485
2486
2488
2489
2491
2845
2493
2495
2496
6533
3218
2501
2504
2505
2506
2509
2511
2514
2515
2516
2520
2524
2527
2528
2530
2534
2535
2536
2537
2538
2539
2540
2542
2543
2545
2546
2547
2548
2596
2597
2601
2603
2605
1303
2607
2608
6504
2610
2611
3703
2613
2614
6589
2616
2617
2618
2630
2356
2634
3312
5904
2640
2641
2642
9910
2701
2702
2704
2705
2706
2707
2712
2718
2719
6239
5288
2724
2726
9802
1907
2731
2732
2734
2736
2739
2740
2743
2745
2748
2752
2753
2754
2755
2756
6576
3596
6446
2816
2820
2832
1598
9906
2838
2841
2497
2849
2850
2851
2852
8436
2867
2880
6488
1707
2454
2002
4147
1301
1590
2324
2889
4971
2204
4119
2330
2901
2903
2904
2905
2906
2908
2910
2911
1477
2913
2915
2916
2923
2924
2926
2929
2936
2937
2939
2945
2947
3002
3003
3004
6523
3006
9914
9939
3011
3013
3014
3015
3016
2241
3018
3019
3021
3022
8444
3024
3025
4958
3027
3028
3029
3030
3031
3032
3033
1304
2383
2303
5871
3038
3040
3037
8150
3043
3527
4991
3046
3047
3048
3049
3050
3051
3052
3054
3055
3056
3057
3058
3059
3060
3062
3064
3066
3067
3071
3073
3078
1101
3083
3085
3086
3088
3089
3090
3092
3093
3094
3095
5536
3114
3115
3118
3122
3128
3130
3131
3138
3141
3147
3149
3152
3162
3163
3164
6271
3169
3171
3176
3178
3188
2395
3191
3202
3205
3206
3207
3209
3211
3213
3217
6670
3219
2207
3224
3226
2888
3228
3229
3230
4126
3232
3234
3236
3252
3257
3259
3260
3264
3265
3266
3268
3272
3276
3284
3285
3287
3288
3289
3290
3293
3294
3296
3297
3303
3305
3306
3308
3310
3311
8406
3313
3317
3321
3322
3323
3324
3325
3332
3338
3339
3346
3354
3356
3357
3360
3362
3363
3372
3373
3374
1589
3379
3380
3383
2449
3390
3402
3406
4904
5371
3419
3426
3432
3434
3437
3438
3441
3231
3444
3450
3454
3455
3465
3466
3479
1785
3483
3484
3489
3490
1717
3492
3494
3498
3499
3501
3504
3508
3511
3512
2458
3516
3518
3520
3521
3522
3523
3526
9904
3528
1102
3530
3531
3532
2886
3535
3536
3537
3540
3541
3543
3491
3546
8464
3550
3551
3552
3555
3556
3557
3558
3563
3564
3567
3570
3576
3577
3580
3581
6251
3587
3588
9921
3592
3593
3594
3042
3597
3605
3607
3609
2353
3615
3617
3622
3623
3624
3625
3628
3629
3630
3631
3632
3642
3645
3646
3652
3653
1736
3663
3664
2412
3666
3669
3672
1216
6409
3679
3680
3682
3684
3685
3686
3687
3689
3691
3693
3694
3701
6561
6146
3704
3705
3706
3707
3708
3709
3710
4915
3712
3713
3045
3715
4102
4104
1605
4106
4107
4108
4109
4111
4113
2885
4116
2643
4120
4121
4123
2308
4127
4128
4129
4130
4131
4133
6776
4138
4139
4141
1402
2890
4148
4153
4154
4155
4157
4160
4161
8916
4163
4164
4167
4168
4171
4173
4174
1905
4183
4188
4190
4192
4198
4205
4207
4303
4304
4305
4306
4401
4402
4406
4413
4414
4416
4417
4419
4420
4426
4430
4432
4433
3702
8454
4440
4502
4503
2884
4510
4513
4523
4526
4527
4528
4529
4530
4532
4533
4534
4535
8210
4538
4540
3533
4542
4543
4545
4549
4550
3443
4552
4554
4555
4556
4557
4560
4561
4562
4563
4564
6669
4568
4142
4572
4576
4580
4581
4609
4702
4706
4707
4711
4712
4714
4716
4720
4721
4722
4726
4728
4729
4735
4736
4737
2881
4741
1712
4744
4745
4746
4747
4754
4755
4760
6641
4764
6005
4767
4768
4770
4804
4806
2883
4903
6679
4905
2360
4907
4908
4909
4911
4912
2408
4916
3036
4923
4924
4439
4930
4931
4933
4934
3221
3416
4939
4942
4943
4944
4945
4946
4950
4952
4953
4956
6548
4960
2017
1532
4967
2059
5522
2723
4973
4974
4976
4977
4979
4987
4989
3105
4994
4995
4999
5007
5009
5011
5013
5014
5015
5016
5201
5202
3026
5205
5206
9941
5210
5211
5212
5213
5215
5220
5222
5223
5225
5227
5230
5234
5236
5243
5244
5245
5251
5258
5263
3611
5272
6147
5276
5278
5281
5283
5284
5285
2385
2912
5289
5291
5299
5301
5302
5306
5309
5310
5312
5314
5315
5321
5324
5328
5340
5344
5345
4906
5348
5351
5353
5355
5356
5364
2897
5381
5383
5386
2891
5392
5398
5403
5410
5425
5426
5432
5530
5438
5439
5443
5450
5452
5455
5457
5460
5464
5465
5468
5469
6496
5474
5475
2729
5481
2317
5484
5487
5488
5489
5490
5493
5498
5508
5511
5512
5514
5515
5516
5519
5520
5521
2474
5523
5525
5529
4438
5531
5533
5534
2882
5538
5543
6285
5601
5603
5604
5607
5608
5609
5701
5703
5704
5706
5864
5287
5876
5878
6732
5902
2357
6269
5905
5906
5907
2347
6015
6016
3714
6021
6023
6024
6026
6101
6103
6104
6108
6109
6111
3376
6113
6114
6115
6116
6117
6118
6120
6121
6122
6123
6124
6125
6126
6127
6128
6129
6130
6133
6134
6136
6138
6139
6140
6141
6142
6143
6144
2722
6770
6148
6150
6151
6152
6153
6154
6155
6156
6158
6160
6161
6163
6164
6165
6166
6167
6168
6169
6170
6171
6172
6173
6174
6175
1710
6177
6179
6592
6182
6183
6184
6185
6186
2892
6188
6189
6190
6191
6192
6194
6195
6196
6197
6198
6199
6201
8016
6203
6204
6205
6206
6207
6208
6209
6210
6212
6613
2855
6215
6216
6217
6218
6219
6220
6221
6222
6414
6224
6225
6226
6227
6228
6229
6230
6231
6233
6234
6235
6236
6237
3044
6240
6241
6242
8299
6244
6245
6246
6248
4571
6257
6259
6261
6263
6264
6265
6266
5471
6270
2812
6274
6275
6276
3017
6278
6213
6281
6282
6283
6284
2015
6287
9938
6289
6290
6291
6292
6294
6404
6405
3023
6411
2382
2834
5880
6416
6417
6418
6419
6425
6426
6431
6432
6435
6438
6441
6442
6443
9940
6449
6451
2352
6457
6461
5434
6464
6465
4541
6470
6472
6477
6482
6485
6486
3388
2409
6492
6494
2362
6499
1723
6412
6506
6508
6509
2351
6512
6514
6515
6516
8926
6525
6527
6530
1504
6532
6180
6535
6538
6541
6542
6546
6547
8482
6550
6552
6556
6558
6560
3081
6568
6569
6570
6573
6574
3545
6577
6578
6579
6581
6582
6585
6588
8044
6590
6591
6531
6593
6594
6596
2481
6603
6605
6609
6612
6505
6615
6616
6624
6625
6629
6640
3675
6642
2201
6649
6651
6654
6655
6661
6662
6664
6666
6667
6668
1582
4566
6671
6672
6674
3167
6680
6683
6684
6689
6690
6691
6697
6698
6703
6706
1103
6715
6716
6112
6727
6728
3010
6733
2887
6743
6747
6751
6752
6754
6756
6761
6762
6763
6767
4162
3035
5347
6781
6788
6789
6790
6456
6796
6799
3548
6804
6806
6823
6829
6830
6834
6841
6854
6859
6873
7402
7556
8011
6768
6719
8024
8027
8028
8032
8033
8034
8038
8039
8040
8042
8043
6020
5903
8047
8048
8049
8050
8054
8059
8064
8066
8067
8068
4972
8070
8071
8072
8074
8076
8077
8080
3413
8083
8084
8085
8086
8087
8088
8089
8091
8092
8093
8096
8097
8099
8101
8103
8104
8105
8107
8109
8110
8111
8112
2065
8121
8131
8147
2809
8155
4175
8171
8176
8182
8183
8201
9933
8213
3227
8222
8234
8240
8249
8255
8261
8271
8277
8279
8284
8289
8291
2801
8341
8342
8349
8354
8358
8367
8374
8383
8390
8401
8403
8404
3008
8409
8410
8411
8415
8416
8418
8420
8421
4919
8423
8424
8426
8427
8429
8431
6202
8433
8435
2836
8437
8438
8440
8442
8443
4766
8446
8450
6462
8455
8462
8463
4968
8466
8467
8472
8473
8476
8477
8478
8480
8481
4506
8488
8489
8499
8905
8906
8908
2633
8917
8921
8923
8924
8422
8927
8928
8929
8930
8931
8932
8933
8935
8936
8937
8938
8940
8941
8942
8996
9103
5209
9902
6277
9905
4743
9907
9908
2480
9911
9912
9917
1586
9918
9919
6214
9924
9925
9926
9927
9928
9929
9930
9931
1537
9934
9935
9937
5546
8432
2450
6803
9942
9943
9944
9945
9946
9949
9950
9951
9955
9958
9960
9962